epoch = 2.0
eval_CR = 85.84
eval_MPQA = 88.24
eval_MR = 80.42
eval_MRPC = 74.39
eval_SST2 = 85.44
eval_SUBJ = 94.5
eval_TREC = 81.84
eval_avg_sts = 0.7682932234797208
eval_avg_transfer = 84.38142857142857
eval_sickr_spearman = 0.7286121160645794
eval_stsb_spearman = 0.8079743308948623
